1000  -7128.821829
free 16.0 16.0 16.0
LJ  8.416613  8.019724  9.204809  
LJ  8.690190  7.178200  8.658039  
LJ  7.704980  7.499709  8.660023  
LJ  7.704880  8.539826  8.659976  
LJ  8.690003  8.861244  8.657866  
LJ  9.298257  8.019746  8.656305  
LJ  8.147587  7.178455  7.775352  
LJ  7.541286  8.019914  7.777876  
LJ  8.147320  8.861274  7.775100  
LJ  9.132506  8.539846  7.773028  
LJ  9.132660  7.499670  7.773101  
LJ  8.420828  8.019798  7.228333  
LJ  8.698646  8.898487  9.708822  
LJ  9.336887  8.019696  9.708265  
LJ  8.698757  7.140902  9.708926  
LJ  7.668818  7.476720  9.710846  
LJ  7.668754  8.562566  9.710822  
LJ  9.622265  8.898136  9.137401  
LJ  9.622423  7.141316  9.137494  
LJ  7.954674  6.597444  9.139478  
LJ  6.926937  8.019671  9.140954  
LJ  7.954470  9.441988  9.139329  
LJ  9.446210  9.441619  8.213700  
LJ  8.416324  9.777542  8.215625  
LJ 10.084132  8.562597  8.213781  
LJ 10.084240  7.476843  8.213864  
LJ  9.446477  6.597844  8.213881  
LJ  8.416701  6.261958  8.215926  
LJ  7.388852  6.599073  8.217790  
LJ  6.754829  7.478180  8.218413  
LJ  6.754706  8.561545  8.218287  
LJ  7.388546  9.440492  8.217558  
LJ  9.908364  8.019725  7.289722  
LJ  8.879052  6.597873  7.291227  
LJ  7.215968  7.143592  7.296875  
LJ  7.215605  8.896405  7.296493  
LJ  8.878689  9.441627  7.290962  
LJ  9.164178  8.563152  6.720138  
LJ  9.164293  7.476275  6.720249  
LJ  8.135819  7.141771  6.723862  
LJ  7.500554  8.019976  6.726970  
LJ  8.135612  8.897816  6.723614  
LJ  8.412704  8.019650 10.253818  
LJ  8.976577  9.755246  9.125918  
LJ 10.235983  8.019730  9.125163  
LJ  8.976832  6.284148  9.126095  
LJ  6.944370  6.947995  9.128341  
LJ  6.944221  9.091260  9.128356  
LJ  9.889103  9.092307  7.301031  
LJ  9.889299  6.947087  7.301169  
LJ  7.856533  6.286142  7.305674  
LJ  6.604444  8.019910  7.309452  
LJ  7.855844  9.753586  7.305119  
LJ  8.419317  8.019597  6.178460  
LJ  8.698415  8.910006 10.765286  
LJ  9.345759  8.019647 10.765072  
LJ  8.698498  7.129253 10.765349  
LJ  7.653897  7.469664 10.766747  
LJ  7.653828  8.569450 10.766746  
LJ  8.985507  9.793668 10.191051  
LJ 10.275057  8.019694 10.191052  
LJ  8.985687  6.245657 10.191156  
LJ  6.905476  6.924111 10.192543  
LJ  6.905340  9.114924 10.192611  
LJ  9.643165  8.915686 10.207560  
LJ  9.643268  7.123675 10.207614  
LJ  7.940612  6.569908 10.208301  
LJ  6.891231  8.019530 10.209596  
LJ  7.940459  9.469314 10.208253  
LJ  9.922000  9.793320  9.612462  
LJ 10.564360  7.129643  9.612685  
LJ  8.230768  5.694921  9.613448  
LJ  6.154659  7.474390  9.614552  
LJ  7.194754 10.005737  9.613735  
LJ 10.564230  8.909795  9.612620  
LJ  9.922219  6.246079  9.612569  
LJ  7.194979  6.033402  9.613699  
LJ  6.154553  8.564660  9.614589  
LJ  8.230488 10.344388  9.613335  
LJ  9.742917 10.343954  8.676237  
LJ  8.698263 10.684243  8.677790  
LJ 11.032216  8.569797  8.676740  
LJ 11.032299  7.469618  8.676810  
LJ  9.743210  5.695411  8.676419  
LJ  8.698673  5.355062  8.678053  
LJ  6.622235  6.035734  8.679601  
LJ  5.981115  6.926833  8.679435  
LJ  5.980936  9.112454  8.679392  
LJ  6.621978 10.003388  8.679601  
LJ 10.207502 10.006412  7.747123  
LJ  8.126572 10.682736  7.750105  
LJ 10.854523  9.115818  7.747557  
LJ 10.854663  6.923533  7.747689  
LJ 10.207765  6.032927  7.747313  
LJ  8.127282  5.356670  7.750712  
LJ  7.086287  5.699367  7.752654  
LJ  5.808475  7.472064  7.754521  
LJ  5.808371  8.567515  7.754397  
LJ  7.085700 10.340298  7.752161  
LJ  9.173682 10.365295  7.741816  
LJ 10.876529  8.019683  7.741102  
LJ  9.174120  5.674092  7.742132  
LJ  6.431706  6.575368  7.748164  
LJ  6.431383  9.464525  7.747705  
LJ 10.405367  9.469453  8.683163  
LJ 10.405567  6.569955  8.683297  
LJ  7.653540  5.674704  8.685865  
LJ  5.961947  8.019681  8.686773  
LJ  7.653137 10.364720  8.685598  
LJ 10.675698  8.565760  6.810964  
LJ  9.631797  6.033009  6.811814  
LJ  6.911506  6.252514  6.820943  
LJ  6.274415  8.906113  6.822312  
LJ  8.594914 10.342460  6.813477  
LJ 10.675756  7.473552  6.811032  
LJ  8.595683  5.696980  6.813914  
LJ  6.274702  7.133670  6.822637  
LJ  6.910635  9.787913  6.820001  
LJ  9.631430 10.006249  6.811557  
LJ  9.170840  8.569979  5.661833  
LJ  9.170878  7.468964  5.661916  
LJ  8.128821  7.130323  5.666440  
LJ  7.485304  8.019679  5.671070  
LJ  8.128784  8.908662  5.666318  
LJ  9.920570  9.116483  6.233419  
LJ  9.920705  6.922721  6.233586  
LJ  7.842648  6.248890  6.239938  
LJ  6.562527  8.019910  6.246422  
LJ  7.842150  9.790759  6.239410  
LJ  9.935968  8.019605  6.217606  
LJ  8.886429  6.570442  6.220097  
LJ  7.191379  7.127298  6.228823  
LJ  7.191110  8.912711  6.228458  
LJ  8.886141  9.468904  6.219792  
LJ  8.408689  8.019589 11.310430  
LJ  9.265154 10.655761  9.597336  
LJ 11.180514  8.019729  9.597430  
LJ  9.265445  5.383551  9.597476  
LJ  6.175053  6.392892  9.597307  
LJ  6.174839  9.646012  9.597481  
LJ 10.651132  9.648804  6.825562  
LJ 10.651321  6.390440  6.825735  
LJ  7.559956  5.388676  6.831364  
LJ  5.660814  8.019665  6.837546  
LJ  7.558467 10.651267  6.830237  
LJ  8.413609  8.019283  5.120213  
LJ  8.696954  8.916469 11.830548  
LJ  9.349290  8.019609 11.830626  
LJ  8.697028  7.122685 11.830580  
LJ  7.643893  7.465690 11.831244  
LJ  7.643824  8.573306 11.831262  
LJ  8.988097  9.812527 11.260200  
LJ 10.292269  8.019666 11.260608  
LJ  8.988242  6.226692 11.260258  
LJ  6.883320  6.912550 11.260321  
LJ  6.883180  9.126337 11.260416  
LJ  9.651962  8.924402 11.278039  
LJ  9.652042  7.114877 11.278073  
LJ  7.931160  6.555861 11.277831  
LJ  6.870118  8.019447 11.278505  
LJ  7.931022  9.483214 11.277838  
LJ  9.275898 10.698433 10.672574  
LJ 11.224099  8.019711 10.673298  
LJ  9.276121  5.340834 10.672647  
LJ  6.130915  6.366304 10.670198  
LJ  6.130696  9.672447 10.670420  
LJ  9.942880  9.819837 10.696154  
LJ 10.594312  7.115013 10.696472  
LJ  8.222211  5.660302 10.695836  
LJ  6.111835  7.466863 10.695740  
LJ  7.170602 10.035990 10.695462  
LJ 10.594221  8.924367 10.696431  
LJ  9.943047  6.219492 10.696220  
LJ  7.170808  6.002977 10.695338  
LJ  6.111758  8.571933 10.695798  
LJ  8.222005 10.378849 10.695833  
LJ 10.219548 10.698226 10.089961  
LJ 11.515517  7.123083 10.090654  
LJ  8.514725  4.786242 10.089977  
LJ  5.374846  6.921390 10.087416  
LJ  6.422061 10.569277 10.087640  
LJ 10.874670  9.812286 10.095689  
LJ 10.874860  6.227127 10.095770  
LJ  7.466173  5.119102 10.094747  
LJ  5.368407  8.019379 10.093574  
LJ  7.465899 10.919933 10.094898  
LJ 11.515410  8.916375 10.090603  
LJ 10.219798  5.341124 10.090051  
LJ  6.422341  5.469510 10.087342  
LJ  5.374638  9.117314 10.087587  
LJ  8.514419 11.252958 10.089954  
LJ 10.038846 11.252742  9.146684  
LJ  8.985520 11.595230  9.147755  
LJ 11.986842  8.573872  9.147818  
LJ 11.986910  7.465566  9.147874  
LJ 10.039134  4.786538  9.146811  
LJ  8.985914  4.443944  9.147921  
LJ  5.845776  5.472114  9.145494  
LJ  5.201255  6.370467  9.144738  
LJ  5.200992  9.668274  9.144928  
LJ  5.845475 10.566577  9.145787  
LJ 10.513259 10.920611  8.209888  
LJ  8.407479 11.604025  8.211745  
LJ 11.817149  9.127546  8.210860  
LJ 11.817263  6.911816  8.210971  
LJ 10.513504  5.118651  8.210052  
LJ  8.408052  4.435057  8.212136  
LJ  6.308995  5.125247  8.212636  
LJ  5.021082  6.917744  8.213120  
LJ  5.020879  9.121295  8.213108  
LJ  6.308664 10.913685  8.212781  
LJ  9.467096 11.283452  8.205661  
LJ 11.839499  8.019685  8.206109  
LJ  9.467448  4.755772  8.205877  
LJ  5.649946  6.012271  8.209336  
LJ  5.649647 10.026905  8.209201  
LJ 10.975705 10.572062  7.273066  
LJ  7.828232 11.590910  7.275310  
LJ 11.627831  9.675051  7.273563  
LJ 11.627968  6.364209  7.273723  
LJ 10.975913  5.467142  7.273261  
LJ  7.829351  4.448278  7.276346  
LJ  6.780418  4.794884  7.278646  
LJ  4.855321  7.468775  7.282331  
LJ  4.855235  8.570250  7.282280  
LJ  6.779434 11.245131  7.277876  
LJ  9.937968 10.941332  7.263962  
LJ 11.659035  8.573029  7.264103  
LJ  9.938285  5.097852  7.264206  
LJ  6.119199  5.672738  7.272228  
LJ  5.474764  9.474265  7.272932  
LJ  8.885955 11.282255  7.264772  
LJ 11.659084  7.466255  7.264159  
LJ  8.886539  4.756951  7.265171  
LJ  5.475058  6.565290  7.273273  
LJ  6.118596 10.367614  7.271306  
LJ 11.183299 10.036973  8.215378  
LJ 11.183491  6.002355  8.215534  
LJ  7.351386  4.758889  8.217938  
LJ  5.002136  8.019542  8.218388  
LJ  7.350787 11.280526  8.217572  
LJ 10.712525 10.379011  9.156870  
LJ 11.363957  6.555917  9.157395  
LJ  7.930800  4.756261  9.157895  
LJ  5.176667  7.468185  9.155498  
LJ  6.880778 10.939047  9.157587  
LJ 11.363795  9.483490  9.157289  
LJ 10.712758  5.660351  9.156997  
LJ  6.881104  5.099956  9.157407  
LJ  5.176549  8.570728  9.155543  
LJ  7.930379 11.282973  9.157793  
LJ 11.447299  9.120854  6.330062  
LJ 10.394614  5.467415  6.330533  
LJ  6.605573  5.354253  6.341665  
LJ  5.323782  8.910666  6.345188  
LJ  8.299735 11.248331  6.332360  
LJ 11.455984  8.019595  6.324794  
LJ  9.351019  5.120156  6.326210  
LJ  5.958840  6.237567  6.339178  
LJ  5.958201  9.802293  6.338471  
LJ  9.350445 10.918894  6.325905  
LJ 11.447367  6.918322  6.330173  
LJ  8.301074  4.791001  6.332905  
LJ  5.323978  7.128387  6.345353  
LJ  6.603640 10.687348  6.339643  
LJ 10.394325 10.571644  6.330281  
LJ  9.168784  8.573424  4.594486  
LJ  9.168746  7.464870  4.594555  
LJ  8.118570  7.123381  4.599923  
LJ  7.470549  8.019190  4.606169  
LJ  8.118646  8.914858  4.599839  
LJ  9.932393  9.127811  5.162199  
LJ  9.932381  6.910890  5.162351  
LJ  7.830349  6.230565  5.169940  
LJ  6.537576  8.019532  5.180145  
LJ  7.830370  9.808082  5.169669  
LJ  9.946134  8.019350  5.144708  
LJ  8.885758  6.556409  5.148114  
LJ  7.174192  7.119690  5.160856  
LJ  7.174091  8.919385  5.160666  
LJ  8.885791  9.482241  5.147851  
LJ 10.685511  9.675534  5.748034  
LJ 10.685607  6.363464  5.748232  
LJ  7.542205  5.348350  5.755079  
LJ  5.613413  8.019556  5.766151  
LJ  7.541405 10.691547  5.754071  
LJ 10.707549  8.573008  5.725074  
LJ  9.646366  6.002681  5.726776  
LJ  6.884818  6.228988  5.740997  
LJ  6.239672  8.918656  5.743326  
LJ  8.595299 10.376314  5.728736  
LJ 10.707570  7.466005  5.725136  
LJ  8.595735  5.662953  5.729250  
LJ  6.239867  7.120950  5.743663  
LJ  6.884228  9.811418  5.740198  
LJ  9.646161 10.036342  5.726440  
LJ  8.405309  8.019543 12.377799  
LJ  9.557248 11.565159 10.073740  
LJ 12.134945  8.019746 10.074654  
LJ  9.557561  4.474098 10.073836  
LJ  5.393621  5.833268 10.067167  
LJ  5.393312 10.205303 10.067513  
LJ 11.421345 10.210801  6.345751  
LJ 11.421509  5.828323  6.345954  
LJ  7.256023  4.484340  6.350878  
LJ  4.707683  8.019332  6.360858  
LJ  7.252802 11.556290  6.348547  
LJ  8.402004  8.018966  4.050424  
LJ  8.695911  8.921081 12.905841  
LJ  9.351639  8.019583 12.906177  
LJ  8.695981  7.118000 12.905855  
LJ  7.636607  7.462725 12.905761  
LJ  7.636543  8.576193 12.905791  
LJ  8.989353  9.824367 12.336504  
LJ 10.302280  8.019647 12.337225  
LJ  8.989487  6.214770 12.336532  
LJ  6.868495  6.905133 12.335254  
LJ  6.868362  9.133661 12.335363  
LJ  9.657058  8.930007 12.353960  
LJ  9.657127  7.109215 12.353982  
LJ  7.924678  6.546757 12.353040  
LJ  6.855616  8.019399 12.352909  
LJ  7.924547  9.492221 12.353077  
LJ  9.281598 10.723879 11.751977  
LJ 11.248929  8.019701 11.753091  
LJ  9.281793  5.315313 11.752013  
LJ  6.102799  6.350553 11.747375  
LJ  6.102588  9.688102 11.747609  
LJ  9.953847  9.835882 11.778984  
LJ 10.611336  7.107006 11.779395  
LJ  8.216954  5.639493 11.777917  
LJ  6.084140  7.461846 11.776176  
LJ  7.154513 10.053723 11.776971  
LJ 10.611262  8.932335 11.779366  
LJ  9.953987  6.203390 11.779028  
LJ  7.154712  5.985129 11.776817  
LJ  6.084070  8.576825 11.776242  
LJ  8.216765 10.399548 11.777962  
LJ  9.570215 11.612138 11.157117  
LJ 12.183347  8.019745 11.158521  
LJ  9.570476  4.427095 11.157165  
LJ  5.345335  5.803922 11.146515  
LJ  5.345024 10.234569 11.146883  
LJ 10.242240 10.731161 11.183510  
LJ 11.552636  7.109402 11.184322  
LJ  8.509998  4.745642 11.182540  
LJ  5.325075  6.909333 11.177049  
LJ  6.391310 10.603257 11.178857  
LJ 10.904808  9.835852 11.192226  
LJ 10.904962  6.203526 11.192286  
LJ  7.448332  5.081590 11.189591  
LJ  5.317950  8.019277 11.186126  
LJ  7.448083 10.957325 11.189793  
LJ 11.552553  8.930035 11.184285  
LJ 10.242450  5.308149 11.183573  
LJ  6.391588  5.435443 11.178533  
LJ  5.324914  9.129199 11.177225  
LJ  8.509753 11.293458 11.182592  
LJ 10.518837 11.612145 10.571605  
LJ 12.476297  7.118356 10.572785  
LJ  8.804202  3.869948 10.570927  
LJ  4.584570  6.363738 10.559928  
LJ  5.637539 11.134949 10.561799  
LJ 11.180858 10.723851 10.579927  
LJ 11.835409  6.215117 10.580430  
LJ  7.747384  4.200622 10.577548  
LJ  4.575267  7.466739 10.568679  
LJ  6.688871 11.492691 10.574952  
LJ 11.835242  9.824341 10.580356  
LJ 11.181083  5.315546 10.580011  
LJ  6.689193  4.546048 10.574537  
LJ  4.575150  8.571693 10.568791  
LJ  7.747090 11.838363 10.577790  
LJ 12.476205  8.921156 10.572739  
LJ 10.519118  4.427180 10.571685  
LJ  5.637919  4.903548 10.561304  
LJ  4.584267  9.674639 10.560253  
LJ  8.803881 12.169201 10.570965  
LJ 10.337116 12.169318  9.623322  
LJ  9.277469 12.513279  9.623793  
LJ 12.950131  8.576841  9.624958  
LJ 12.950189  7.462656  9.625003  
LJ 10.337421  3.869933  9.623415  
LJ  9.277849  3.525863  9.623886  
LJ  5.058335  4.905876  9.612367  
LJ  4.410513  5.809985  9.610967  
LJ  4.410118 10.228277  9.611411  
LJ  5.057883 11.132492  9.612894  
LJ 10.816861 11.839302  8.681463  
LJ  8.694936 12.527007  8.682106  
LJ 12.784040  9.135013  8.682882  
LJ 12.784142  6.904405  8.682973  
LJ 10.817112  4.199927  8.681591  
LJ  8.695364  3.511965  8.682269  
LJ  5.521849  4.553922  8.675287  
LJ  4.230599  6.359954  8.675195  
LJ  4.230261  9.678489  8.675434  
LJ  5.521421 11.484544  8.675981  
LJ  9.762540 12.203652  8.677029  
LJ 12.805583  8.019713  8.678439  
LJ  9.762835  3.835499  8.677138  
LJ  4.863055  5.450089  8.672921  
LJ  4.862642 10.588362  8.673256  
LJ 11.289772 11.495703  7.735686  
LJ  8.108398 12.524028  7.735909  
LJ 12.602593  9.690906  7.736618  
LJ 12.602717  6.348414  7.736754  
LJ 11.289976  4.543479  7.735868  
LJ  8.108951  3.514683  7.736311  
LJ  5.991530  4.212732  7.735077  
LJ  4.056701  6.912717  7.738023  
LJ  4.056474  9.125831  7.738086  
LJ  5.991367 11.825978  7.736092  
LJ 10.241350 11.870480  7.728810  
LJ 12.636082  8.578056  7.729921  
LJ 10.241565  4.168639  7.728971  
LJ  5.328500  5.102218  7.730878  
LJ  4.680029 10.037665  7.731926  
LJ  9.178557 12.214576  7.728860  
LJ 12.636127  7.461280  7.729970  
LJ  9.178839  3.824439  7.729010  
LJ  4.680452  6.001182  7.731916  
LJ  5.328050 10.936849  7.730887  
LJ 11.751919 11.141380  6.793850  
LJ  7.521965 12.504052  6.792962  
LJ 12.407615 10.239859  6.794248  
LJ 12.407751  5.799339  6.794435  
LJ 11.752096  4.897745  6.794076  
LJ  7.523188  3.534536  6.794400  
LJ  6.467523  3.885637  6.797392  
LJ  3.894276  7.466540  6.804505  
LJ  3.894184  8.571853  6.804505  
LJ  6.466041 12.155569  6.796589  
LJ 10.709521 11.515604  6.783151  
LJ 12.442307  9.132748  6.783645  
LJ 10.709716  4.523442  6.783384  
LJ  5.805671  4.768836  6.790913  
LJ  4.513401  9.479432  6.794125  
LJ  9.653615 11.869410  6.778787  
LJ 12.453829  8.019615  6.779364  
LJ  9.653846  4.169549  6.778999  
LJ  5.152178  5.659319  6.789206  
LJ  5.151604 10.380280  6.788782  
LJ  8.589289 12.200167  6.782916  
LJ 12.442375  6.906473  6.783742  
LJ  8.589658  3.838752  6.783176  
LJ  4.513732  6.559351  6.794214  
LJ  5.804542 11.272686  6.789464  
LJ 11.963624 10.605809  7.740846  
LJ 11.963799  5.433453  7.741021  
LJ  7.043495  3.842642  7.741471  
LJ  4.039058  8.019287  7.743011  
LJ  7.042821 12.196898  7.741245  
LJ 11.498852 10.958383  8.688987  
LJ 12.156367  5.984584  8.689639  
LJ  7.628117  3.826238  8.688884  
LJ  4.204535  7.464923  8.683257  
LJ  6.567155 11.864540  8.687443  
LJ 12.156198 10.054786  8.689507  
LJ 11.499065  5.080926  8.689130  
LJ  6.567438  4.174321  8.686795  
LJ  4.204411  8.573654  8.683320  
LJ  7.627652 12.212921  8.688893  
LJ 11.016675 11.293816  9.634647  
LJ 12.327064  6.546810  9.635642  
LJ  8.215214  3.836029  9.634209  
LJ  4.387976  6.911917  9.623010  
LJ  6.098679 11.510945  9.629522  
LJ 11.681174 10.399910  9.639501  
LJ 11.681380  5.639488  9.639610  
LJ  7.153751  4.170553  9.636934  
LJ  4.380246  8.019256  9.626788  
LJ  7.153429 11.868382  9.637334  
LJ 12.326922  9.492642  9.635553  
LJ 11.016928  4.745518  9.634755  
LJ  6.099059  4.527671  9.628935  
LJ  4.387725  9.126532  9.623219  
LJ  8.214834 12.203089  9.634271  
LJ 12.225941  9.682642  5.845965  
LJ 11.166669  4.898158  5.846262  
LJ  6.294162  4.451064  5.857858  
LJ  4.364302  8.913410  5.864273  
LJ  7.995335 12.160114  5.846283  
LJ 12.238714  8.575450  5.838103  
LJ 10.117221  4.544996  5.838566  
LJ  5.643240  5.335960  5.853851  
LJ  4.997801  9.809739  5.855440  
LJ  9.057145 11.834694  5.838518  
LJ 12.238735  7.463637  5.838153  
LJ  9.057757  4.204024  5.838706  
LJ  4.998351  6.228884  5.855777  
LJ  5.641710 10.703957  5.852547  
LJ 10.116905 11.493844  5.838303  
LJ 12.226015  6.356438  5.846110  
LJ  7.997133  3.878874  5.846514  
LJ  4.364507  7.124902  5.864350  
LJ  6.289255 11.593537  5.853152  
LJ 11.166459 11.140803  5.845987  
LJ  9.159929  8.575360  3.517357  
LJ  9.159867  7.462369  3.517436  
LJ  8.102709  7.117722  3.523644  
LJ  7.450601  8.018718  3.530816  
LJ  8.102798  8.919856  3.523501  
LJ  9.934436  9.134374  4.084132  
LJ  9.934333  6.903758  4.084282  
LJ  7.812957  6.218494  4.093090  
LJ  6.514080  8.018984  4.108252  
LJ  7.813252  9.819251  4.092734  
LJ  9.947670  8.019063  4.066397  
LJ  8.878298  6.546888  4.070480  
LJ  7.155236  7.115440  4.088578  
LJ  7.155273  8.922457  4.088439  
LJ  8.878520  9.491038  4.070188  
LJ 10.702713  9.690829  4.666849  
LJ 10.702644  6.347724  4.667052  
LJ  7.522047  5.324707  4.674056  
LJ  5.579651  8.019194  4.692136  
LJ  7.522805 10.713270  4.673505  
LJ 10.723122  8.577707  4.640026  
LJ  9.651058  5.984936  4.642341  
LJ  6.862052  6.216398  4.663787  
LJ  6.212822  8.924015  4.666699  
LJ  8.588776 10.395648  4.644501  
LJ 10.723095  7.460823  4.640092  
LJ  8.588357  5.642591  4.644974  
LJ  6.212917  7.114572  4.667000  
LJ  6.861992  9.822334  4.663315  
LJ  9.651249 10.053478  4.641988  
LJ 11.459170 10.239954  5.260665  
LJ 11.459231  5.798921  5.260892  
LJ  7.233287  4.441992  5.265872  
LJ  4.654909  8.019167  5.283245  
LJ  7.232519 11.598689  5.263770  
LJ 11.483837  9.132613  5.234750  
LJ 10.414440  5.433845  5.235775  
LJ  6.574046  5.327088  5.254169  
LJ  5.281122  8.921691  5.258894  
LJ  8.295019 11.287087  5.237038  
LJ 11.492690  8.019432  5.226472  
LJ  9.358286  5.083267  5.228561  
LJ  5.921679  6.218389  5.250210  
LJ  5.921342  9.821065  5.249473  
LJ  9.358162 10.955570  5.228084  
LJ 11.483851  6.906253  5.234859  
LJ  8.295315  4.752134  5.237842  
LJ  5.281264  7.116991  5.259157  
LJ  6.573119 10.714299  5.252449  
LJ 10.414368 10.604959  5.235434  
LJ  8.402892  8.019512 13.459579  
LJ  9.854154 12.486408 10.556855  
LJ 13.102484  8.019780 10.558438  
LJ  9.854494  3.552834 10.556930  
LJ  4.594620  5.267788 10.537370  
LJ  4.594202 10.770518 10.537851  
LJ 12.202597 10.780133  5.860200  
LJ 12.202750  5.258926  5.860438  
LJ  6.942739  3.572047  5.862828  
LJ  3.745105  8.019039  5.879460  
LJ  6.934581 12.470887  5.857112  
LJ  8.380976  8.018710  2.964689  
LJ  8.695556  8.924517 14.001604  
LJ  9.353758  8.019568 14.002093  
LJ  8.695619  7.114531 14.001610  
LJ  7.631575  7.460317 14.000836  
LJ  7.631535  8.578542 14.000879  
LJ  8.991590  9.835892 13.428082  
LJ 10.312648  8.019636 13.429009  
LJ  8.991720  6.203195 13.428094  
LJ  6.855691  6.897567 13.425761  
LJ  6.855575  9.141166 13.425878  
LJ  9.662184  8.935036 13.443111  
LJ  9.662247  7.104151 13.443129  
LJ  7.920103  6.538574 13.441749  
LJ  6.843956  8.019374 13.440844  
LJ  7.919978  9.500340 13.441803  
LJ  9.286808 10.744656 12.844000  
LJ 11.269015  8.019697 12.845356  
LJ  9.286996  5.294478 12.844017  
LJ  6.080969  6.337192 12.837912  
LJ  6.080774  9.701398 12.838148  
LJ  9.962600  9.848966 12.871103  
LJ 10.625106  7.100899 12.871579  
LJ  8.214112  5.622752 12.869644  
LJ  6.062966  7.457341 12.866408  
LJ  7.142631 10.067854 12.868342  
LJ 10.625042  8.938419 12.871554  
LJ  9.962727  6.190268 12.871139  
LJ  7.142821  5.970921 12.868179  
LJ  6.062903  8.581269 12.866476  
LJ  8.213928 10.416213 12.869708  
LJ  9.580305 11.647913 12.250583  
LJ 12.219593  8.019749 12.252309  
LJ  9.580551  4.391271 12.250606  
LJ  5.309807  5.781670 12.238152  
LJ  5.309520 10.256768 12.238517  
LJ 10.257657 10.757128 12.280951  
LJ 11.580891  7.100962 12.281883  
LJ  8.509194  4.714730 12.279542  
LJ  5.288417  6.898029 12.271261  
LJ  6.367989 10.627813 12.275128  
LJ 10.926449  9.853020 12.291609  
LJ 10.926581  6.186338 12.291661  
LJ  7.436424  5.054033 12.288156  
LJ  5.280779  8.019236 12.282339  
LJ  7.436179 10.984795 12.288365  
LJ 11.580821  8.938468 12.281852  
LJ 10.257845  5.282150 12.281001  
LJ  6.368256  5.410813 12.274808  
LJ  5.288277  9.140433 12.271436  
LJ  8.508956 11.324294 12.279617  
LJ  9.871288 12.543337 11.649991  
LJ 13.161603  8.019793 11.651932  
LJ  9.871598  3.495885 11.650033  
LJ  4.544496  5.234148 11.628776  
LJ  4.544096 10.804140 11.629247  
LJ 10.545531 11.653912 11.676297  
LJ 12.523429  7.104343 11.677592  
LJ  8.803541  3.820074 11.675075  
LJ  4.524935  6.345808 11.658908  
LJ  5.600812 11.176102 11.665221  
LJ 11.215949 10.757183 11.689654  
LJ 11.876812  6.190400 11.690178  
LJ  7.733743  4.152516 11.686382  
LJ  4.513103  7.461178 11.672943  
LJ  6.663738 11.538128 11.683588  
LJ 11.876667  9.849058 11.690112  
LJ 11.216149  5.282205 11.689728  
LJ  6.664060  4.500555 11.683195  
LJ  4.513018  8.577140 11.673048  
LJ  7.733453 11.886383 11.686625  
LJ 12.523353  8.935181 11.677553  
LJ 10.545783  4.385400 11.676363  
LJ  5.601173  4.862366 11.664747  
LJ  4.524687  9.692494 11.659217  
LJ  8.803253 12.219012 11.675146  
LJ 10.823555 12.543491 11.062294  
LJ 13.455724  7.114775 11.063837  
LJ  9.101554  2.937012 11.061295  
LJ  3.771661  5.798290 11.031945  
LJ  4.838338 11.709843 11.040704  
LJ 11.491543 11.648172 11.071048  
LJ 12.809894  6.203357 11.071983  
LJ  8.034579  3.269867 11.068091  
LJ  3.768393  6.910613 11.044876  
LJ  5.899185 12.071789 11.059077  
LJ 12.154435 10.744938 11.074377  
LJ 12.154644  5.294530 11.074468  
LJ  6.966157  3.613236 11.067523  
LJ  3.760554  8.019073 11.045335  
LJ  6.965804 12.425526 11.067950  
LJ 12.809741  9.836177 11.071907  
LJ 11.491808  4.391231 11.071142  
LJ  5.899605  3.966723 11.058539  
LJ  3.768165  9.127531 11.045121  
LJ  8.034261 12.769127 11.068346  
LJ 13.455644  8.924823 11.063793  
LJ 10.823888  3.495844 11.062386  
LJ  4.838802  4.328465 11.040109  
LJ  3.771298 10.239854 11.032389  
LJ  9.101209 13.102139 11.061332  
LJ 10.641128 13.102653 10.110318  
LJ  9.576819 13.447687 10.110116  
LJ 13.931473  8.579131 10.112199  
LJ 13.931525  7.460461 10.112238  
LJ 10.641481  2.936615 10.110431  
LJ  9.577216  2.591483 10.110193  
LJ  4.247961  4.333000 10.079514  
LJ  3.589542  5.242486 10.073327  
LJ  3.589005 10.795535 10.073875  
LJ  4.247314 11.705144 10.080207  
LJ 11.125393 12.770475  9.160418  
LJ  8.988513 13.462425  9.159852  
LJ 13.764738  9.142352  9.162032  
LJ 13.764835  6.897156  9.162108  
LJ 11.125704  3.268774  9.160555  
LJ  8.988901  2.576596  9.159930  
LJ  4.721893  3.977101  9.137874  
LJ  3.430011  5.799931  9.135803  
LJ  3.429509 10.238028  9.136269  
LJ  4.721156 12.061101  9.138861  
LJ 10.062970 13.134241  9.155722  
LJ 13.783402  8.019758  9.157657  
LJ 10.063309  2.904932  9.155811  
LJ  4.066729  4.885283  9.136765  
LJ  4.066126 11.152656  9.137466  
LJ 11.604922 12.428849  8.207790  
LJ  8.396664 13.465096  8.206243  
LJ 13.587233  9.703965  8.208940  
LJ 13.587356  6.335447  8.209057  
LJ 11.605186  3.610358  8.207978  
LJ  8.397013  2.573658  8.206280  
LJ  5.186605  3.631234  8.192081  
LJ  3.255514  6.353561  8.197089  
LJ  3.255136  9.684524  8.197327  
LJ  5.186023 12.407173  8.193996  
LJ 10.547743 12.805545  8.202060  
LJ 13.620039  8.582476  8.203603  
LJ 10.548007  3.233599  8.202202  
LJ  4.531469  4.536706  8.189597  
LJ  3.882052 10.600362  8.192730  
LJ  9.475973 13.152387  8.201598  
LJ 13.620085  7.456950  8.203645  
LJ  9.476232  2.886645  8.201635  
LJ  3.882669  5.437826  8.192295  
LJ  4.530734 11.501495  8.190572  
LJ 12.078046 12.078313  7.255196  
LJ  7.802519 13.454629  7.252426  
LJ 13.399238 10.262154  7.255855  
LJ 13.399377  5.777147  7.256020  
LJ 12.078267  3.960846  7.255435  
LJ  7.802799  2.583589  7.252211  
LJ  5.662411  3.293079  7.248388  
LJ  3.085526  6.908812  7.257928  
LJ  3.085302  9.129277  7.257997  
LJ  5.664031 12.746133  7.253119  
LJ 11.025156 12.458671  7.247275  
LJ 13.436789  9.143687  7.248236  
LJ 11.025358  3.580412  7.247504  
LJ  5.004077  4.194310  7.243806  
LJ  3.707391 10.044685  7.250426  
LJ  9.958676 12.817479  7.243392  
LJ 13.449961  8.019663  7.244922  
LJ  9.958812  3.221502  7.243528  
LJ  4.348235  5.088250  7.245149  
LJ  4.347473 10.950482  7.245549  
LJ  8.882634 13.150236  7.245813  
LJ 13.436862  6.895632  7.248320  
LJ  8.882623  2.888632  7.245675  
LJ  3.707906  5.993660  7.250272  
LJ  5.003415 11.844915  7.245214  
LJ 12.543694 11.720327  6.305360  
LJ  7.207341 13.431008  6.302719  
LJ 13.201987 10.815444  6.305667  
LJ 13.202145  5.223732  6.305892  
LJ 12.543891  4.318784  6.305625  
LJ  7.207876  2.607181  6.302249  
LJ  6.144779  2.965892  6.310807  
LJ  2.924391  7.464470  6.322242  
LJ  2.924297  8.573444  6.322244  
LJ  6.136363 13.077605  6.302124  
LJ 11.492283 12.095747  6.297221  
LJ 13.235023  9.699900  6.297607  
LJ 11.492462  3.943263  6.297516  
LJ  5.486527  3.863061  6.302999  
LJ  3.545659  9.483303  6.311659  
LJ 10.432044 12.457730  6.289543  
LJ 13.253117  8.580854  6.290384  
LJ 10.432150  3.581154  6.289808  
LJ  4.829193  4.752285  6.301027  
LJ  4.180609 10.388494  6.303995  
LJ  9.361223 12.802505  6.288685  
LJ 13.253143  7.458341  6.290429  
LJ  9.361048  3.236225  6.288829  
LJ  4.181321  5.650012  6.303964  
LJ  4.827868 11.287531  6.301106  
LJ  8.286155 13.127100  6.294556  
LJ 13.235106  6.339289  6.297739  
LJ  8.285264  2.911628  6.294183  
LJ  3.546031  6.554839  6.311658  
LJ  5.483784 12.182636  6.302162  
LJ 12.753693 11.181128  7.260117  
LJ 12.753875  4.858103  7.260326  
LJ  6.727553  2.918205  7.256887  
LJ  3.070014  8.019048  7.263148  
LJ  6.726028 13.121298  7.256355  
LJ 12.291267 11.540825  8.213789  
LJ 12.953885  5.409066  8.214394  
LJ  7.318838  2.892381  8.210698  
LJ  3.230218  7.462767  8.205129  
LJ  6.245360 12.793456  8.208069  
LJ 12.953710 10.630280  8.214236  
LJ 12.291478  4.498455  8.213967  
LJ  6.244970  3.245629  8.206003  
LJ  3.230091  8.575392  8.205194  
LJ  7.318455 13.146765  8.210873  
LJ 11.813806 11.887726  9.168665  
LJ 13.137119  5.970390  9.169713  
LJ  7.912946  2.888344  9.166635  
LJ  3.404976  6.907132  9.147352  
LJ  5.770728 12.448618  9.157329  
LJ 12.485996 10.986087  9.172528  
LJ 12.486206  5.053293  9.172664  
LJ  6.838216  3.226112  9.166532  
LJ  3.395216  8.019081  9.150364  
LJ  6.838099 12.812852  9.167409  
LJ 13.136956 10.069055  9.169596  
LJ 11.814057  4.151591  9.168804  
LJ  5.771150  3.589884  9.156235  
LJ  3.404705  9.130974  9.147565  
LJ  7.912633 13.150723  9.166802  
LJ 11.324260 12.219686 10.118847  
LJ 13.302193  6.538590 10.120222  
LJ  8.505820  2.905595 10.117480  
LJ  3.589932  6.352404 10.090374  
LJ  5.302639 12.087155 10.103119  
LJ 11.997500 11.325008 10.126559  
LJ 12.658407  5.622588 10.127134  
LJ  7.434892  3.235548 10.122407  
LJ  3.580112  7.463360 10.092240  
LJ  6.364727 12.453848 10.118321  
LJ 12.658212 10.416878 10.127029  
LJ 11.997742  4.714394 10.126671  
LJ  6.365116  3.584828 10.117681  
LJ  3.579974  8.574754 10.092366  
LJ  7.434606 12.803419 10.122851  
LJ 13.302061  9.500940 10.120142  
LJ 11.324554  3.819650 10.118957  
LJ  5.303183  3.951218 10.102404  
LJ  3.589539  9.685672 10.090756  
LJ  8.505473 13.133509 10.117584  
LJ 13.019520 10.255999  5.353843  
LJ 11.955236  4.319199  5.354174  
LJ  5.972719  3.543341  5.367388  
LJ  3.395939  8.916109  5.378963  
LJ  7.683511 13.085037  5.350444  
LJ 13.033047  9.139363  5.345473  
LJ 10.896070  3.962222  5.345606  
LJ  5.322301  4.430267  5.364371  
LJ  4.029702  9.815417  5.369204  
LJ  8.756757 12.761309  5.344070  
LJ 13.037717  8.019510  5.342607  
LJ  9.829033  3.614072  5.342251  
LJ  4.673642  5.323795  5.364631  
LJ  4.671842 10.713812  5.363926  
LJ  9.828853 12.424511  5.342020  
LJ 13.033085  6.899661  5.345565  
LJ  8.756826  3.276723  5.344165  
LJ  4.030393  6.222366  5.369429  
LJ  5.317056 11.609399  5.361190  
LJ 10.895879 12.076591  5.345304  
LJ 13.019615  5.783031  5.354025  
LJ  7.683547  2.952773  5.350912  
LJ  3.396197  7.121681  5.379023  
LJ  5.950758 12.511432  5.350390  
LJ 11.955062 11.719739  5.353860  
LJ  9.147581  8.578454  2.422643  
LJ  9.147513  7.458898  2.422722  
LJ  8.074154  7.112866  2.427159  
LJ  7.410406  8.018480  2.431630  
LJ  8.074197  8.924236  2.426908  
LJ  9.933024  9.140602  2.991757  
LJ  9.932936  6.897082  2.991909  
LJ  7.788789  6.205310  3.004108  
LJ  6.483660  8.018516  3.028529  
LJ  7.789077  9.831784  3.003541  
LJ  9.945704  8.018823  2.975721  
LJ  8.864511  6.538649  2.979777  
LJ  7.131135  7.111684  3.007978  
LJ  7.131232  8.925284  3.007804  
LJ  8.864685  9.498791  2.979444  
LJ 10.713139  9.702629  3.573609  
LJ 10.713024  6.335468  3.573820  
LJ  7.491896  5.306111  3.581517  
LJ  5.547505  8.018775  3.613125  
LJ  7.493031 10.730851  3.580411  
LJ 10.732529  8.581613  3.546297  
LJ  9.649596  5.971120  3.548749  
LJ  6.833978  6.209561  3.584598  
LJ  6.184996  8.926916  3.587336  
LJ  8.574098 10.411635  3.550987  
LJ 10.732488  7.456413  3.546372  
LJ  8.573490  5.625884  3.551578  
LJ  6.184997  7.110550  3.587657  
LJ  6.834284  9.827632  3.583924  
LJ  9.649879 10.066787  3.548373  
LJ 11.485632 10.261385  4.165917  
LJ 11.485554  5.777124  4.166168  
LJ  7.201577  4.411338  4.170068  
LJ  4.613478  8.018923  4.202036  
LJ  7.206359 11.625502  4.168762  
LJ 11.508988  9.143097  4.135881  
LJ 10.427554  5.409823  4.137109  
LJ  6.541215  5.311095  4.169544  
LJ  5.245608  8.927020  4.174366  
LJ  8.280772 11.314548  4.137572  
LJ 11.517671  8.019204  4.125695  
LJ  9.357559  5.056505  4.127866  
LJ  5.888646  6.207414  4.164339  
LJ  5.888654  9.830653  4.163509  
LJ  9.358294 10.981696  4.127342  
LJ 11.508946  6.895336  4.136006  
LJ  8.278775  4.723261  4.138410  
LJ  5.245699  7.110922  4.174699  
LJ  6.542140 10.726873  4.168059  
LJ 10.427822 10.628564  4.136732  
LJ 12.248999 10.815040  4.766027  
LJ 12.249070  5.223795  4.766289  
LJ  6.916985  3.526927  4.766401  
LJ  3.687508  8.018902  4.796014  
LJ  6.906754 12.517875  4.761502  
LJ 12.270869  9.699561  4.740253  
LJ 11.194181  4.858785  4.740781  
LJ  6.255408  4.421681  4.765243  
LJ  4.315513  8.923948  4.772159  
LJ  7.985023 12.206551  4.738573  
LJ 12.285261  8.580587  4.727380  
LJ 10.132307  4.500789  4.727931  
LJ  5.600729  5.312833  4.757961  
LJ  4.953103  9.827222  4.759184  
LJ  9.060466 11.881063  4.727088  
LJ 12.285264  7.458180  4.727432  
LJ  9.060365  4.157662  4.727659  
LJ  4.953405  6.210958  4.759803  
LJ  5.600406 10.726229  4.756180  
LJ 10.132389 11.537896  4.727537  
LJ 12.270891  6.339227  4.740404  
LJ  7.986035  3.832537  4.739933  
LJ  4.315687  7.114021  4.772353  
LJ  6.255057 11.622266  4.759741  
LJ 11.194173 11.179962  4.740445  
LJ  6.602534  2.644053  5.355613  
LJ  2.771512  8.018830  5.392586  
LJ  2.441434  5.785528  8.663529  
LJ  2.440894 10.252163  8.663847  
LJ  3.724370  3.958681  8.655821  
LJ  3.073158 11.170164  8.663490  
LJ  3.073950  4.867563  8.662824  
LJ  3.723228 12.079035  8.657370  
LJ  2.268693  6.344245  7.717824  
LJ  2.268340  9.693550  7.717963  
LJ  4.194120  3.612162  7.701942  
LJ  2.895175 10.613772  7.711770  
LJ  3.537573  4.514068  7.705651  
LJ  3.536654 11.524046  7.706493  
LJ  2.895829  5.424193  7.711433  
LJ  4.192847 12.425915  7.704215  
LJ  2.100124  6.903080  6.773774  
LJ  2.099937  9.134685  6.773803  
LJ  4.674600  3.270993  6.752461  
LJ  2.725344 10.053486  6.766027  
LJ  4.013731  4.168989  6.753489  
LJ  3.362097 10.965964  6.758483  
LJ  3.362869  5.072323  6.758143  
LJ  4.012787 11.869973  6.754231  
LJ  2.725818  5.984496  6.765949  
LJ  4.674034 12.769829  6.755766  
LJ  1.936574  7.463253  5.829922  
LJ  1.936499  8.574370  5.829945  
LJ  5.164885  2.936981  5.806207  
LJ  2.566080  9.489081  5.823966  
LJ  4.502043  3.834921  5.807497  
LJ  3.201043 10.399098  5.814633  
LJ  3.847464  4.733734  5.808945  
LJ  3.846497 11.304942  5.809134  
LJ  3.201639  5.638911  5.814668  
LJ  4.502502 12.208634  5.804813  
LJ  2.566404  6.548698  5.824002  
LJ  2.088508  8.018875  6.779298  
LJ  2.246219  7.459674  7.724647  
LJ  2.246100  8.578149  7.724689  
LJ  2.415819  6.900489  8.671010  
LJ  2.404782  8.018913  8.673426  
LJ  2.415547  9.137298  8.671172  
LJ  2.595752  6.338498  9.618976  
LJ  2.580006  7.459134  9.620247  
LJ  2.579858  8.578646  9.620362  
LJ  2.595323  9.699240  9.619287  
LJ  2.767680  6.901078 10.569048  
LJ  2.761274  8.018855 10.567791  
LJ  2.767408  9.136631 10.569294  
LJ  2.409057  8.917700  4.884832  
LJ  4.995981  3.507718  4.866076  
LJ  3.049060  9.824257  4.875565  
LJ  4.343164  4.407397  4.866492  
LJ  3.692830 10.728493  4.868995  
LJ  3.694010  5.309155  4.869495  
LJ  4.340564 11.632341  4.864523  
LJ  3.049639  6.213303  4.875757  
LJ  2.409304  7.119781  4.884884  
LJ  5.514801  8.018439  2.516820  
LJ  6.808199  6.199193  2.488187  
LJ  6.159300  8.927542  2.491910  
LJ  6.159260  7.109150  2.492230  
LJ  6.808621  9.836966  2.487198  
LJ  4.573370  8.018676  3.108488  
LJ  6.508842  5.293891  3.072515  
LJ  5.210783  8.931130  3.081106  
LJ  5.855443  6.198083  3.069930  
LJ  5.855594  9.838965  3.069098  
LJ  5.210830  7.106123  3.081451  
LJ  6.509799 10.742292  3.070772  
LJ  3.635769  8.018781  3.702497  
LJ  6.218110  4.392409  3.665453  
LJ  4.270757  8.930573  3.675587  
LJ  5.561040  5.293164  3.658884  
LJ  4.911492  9.840127  3.660026  
LJ  4.911576  6.197514  3.660741  
LJ  5.561302 10.744772  3.657497  
LJ  4.270884  7.107042  3.675829  
LJ  6.220977 11.645772  3.662184  
LJ  2.701162  8.018754  4.300752  
LJ  5.934088  3.495835  4.267806  
LJ  3.339050  8.927438  4.278226  
LJ  5.275963  4.397202  4.259663  
LJ  3.976704  9.835494  4.263496  
LJ  4.622996  5.297186  4.257886  
LJ  4.622747 10.740907  4.256790  
LJ  3.977037  6.202265  4.263879  
LJ  5.275829 11.646723  4.258297  
LJ  3.339236  7.110189  4.278343  
